>128947:Zaire ebolavirus - Gabon: 1
1 1 2 1 3 3 4 7 8 8 2 5 10 0 2 2 3 4 9 9 2 9 18 5 5 9 5 7 2 8 8 5 3 5 1 8 7 4 6 12 3 11 6 5 3 4 4 5 9 8 3 3 0 2 6 4 4 13 10 8 2 1 0 0 
>186538:Zaire ebolavirus: 66
353 246 175 225 669 362 592 426 680 819 701 722 885 378 160 446 407 692 1270 666 354 783 885 379 379 570 888 559 186 859 902 374 479 544 396 553 467 722 1250 821 704 1131 1334 702 488 681 1120 1094 993 1080 490 653 245 378 899 863 469 763 1094 666 542 29 12 25 
>186539:Reston ebolavirus: 22
140 76 90 120 166 101 172 228 198 310 257 236 308 129 53 136 177 218 419 197 49 287 327 142 139 217 276 177 42 256 296 73 170 200 180 171 146 196 414 282 257 437 382 273 155 219 405 270 241 429 171 246 80 144 257 287 185 210 338 232 206 20 9 8 
>186541:Cote d'Ivoire ebolavirus: 2
11 7 5 5 13 11 13 17 17 9 2 26 18 8 2 14 10 13 45 32 17 18 35 21 3 14 14 21 6 17 37 9 10 13 16 15 17 17 34 20 31 26 25 17 17 8 28 26 13 30 12 13 14 6 29 27 16 21 18 10 22 0 0 2 
>386032:Reston ebolavirus - Reston: 7
42 24 27 40 59 43 70 78 58 111 110 83 104 36 17 62 48 90 121 51 19 87 109 34 42 73 102 58 17 94 84 28 52 63 57 58 50 69 146 94 73 160 134 95 54 85 133 100 84 168 56 100 24 48 88 95 80 71 120 81 57 5 2 0 
>386033:Sudan ebolavirus: 16
96 41 55 87 178 135 169 158 136 263 219 205 208 116 45 157 155 167 314 177 91 230 243 126 99 163 234 151 29 234 196 95 169 191 130 150 97 192 298 237 191 356 323 188 128 178 356 265 186 355 147 220 99 89 228 229 141 224 307 168 164 3 6 7 
